%YAML:1.0
- !!opencv-matrix
   rows: 38
   cols: 5
   dt: u
   data: [ 63, 72, 70, 63, 64, 18, 20, 16, 10, 13, 41, 53, 65, 43, 72,
       17, 24, 21, 9, 37, 28, 28, 38, 40, 74, 5, 5, 5, 17, 20, 18, 36,
       27, 29, 60, 5, 8, 2, 10, 5, 28, 14, 33, 39, 50, 41, 7, 7, 20, 7,
       23, 10, 30, 29, 45, 2, 1, 4, 6, 12, 20, 7, 41, 38, 29, 2, 1, 5, 3,
       5, 15, 4, 54, 47, 30, 3, 0, 11, 5, 11, 24, 35, 34, 42, 47, 5, 47,
       6, 5, 17, 29, 45, 30, 36, 26, 5, 5, 7, 11, 6, 37, 33, 9, 18, 28,
       6, 2, 3, 2, 6, 30, 33, 5, 17, 22, 7, 8, 1, 1, 5, 52, 37, 15, 25,
       28, 17, 5, 44, 4, 2, 63, 47, 12, 25, 23, 14, 9, 1, 7, 4, 61, 38,
       10, 45, 21, 13, 6, 1, 24, 1, 61, 37, 14, 29, 26, 12, 4, 3, 5, 2,
       53, 26, 13, 17, 25, 10, 3, 2, 4, 4, 40, 26, 40, 26, 32, 7, 9, 13,
       41, 5, 25, 31, 35, 16, 34, 2, 9, 8, 5, 3 ]
